841695333604
84939179239
84905726542
84909843043
84908461710
84985318266
84903242740
841655707387
841626947122
841246686399
84985179917
841647511735
84643907651
84902000643
84902008558
84902015176
84902019569
84902024519
84902036558
84902062113
84902086022
84902109305
84902128329
84902131888
84902159427
84902163833
84902176565
84902185632
84902198979
84902217750
84902222706
84902225711
84902234485
84902244059
84902248909
84902259549
84902279026
84902279448
84902287809
84902298516
84902320279
84902323827
84902346119
84902357054
84902368251
84902373885
84902400523
84902406597
84902412488
84902424765
84902427832
84902436552
84902441332
84902451439
84902454559
84902457322
84902460423
84902476777
84902481644
84902482861
84902493368
84902493999
84902498616
84902499182
84902504315
84902505317
84902519438
84902528627
84902547479
84902550069
84902564640
84902580265
84902613175
84902616210
84902618378
84902625417
84902633722
84902641630
84902645199
84902646135
84902650114
84902682275
84902703438
84902708591
84902720509
84902739883
84902760482
84902766118
84902769042
84902777927
84902782076
84902786061
84902800214
84902805779
84902812337
84902834404
84902849215
84902851557
84902896095
84902904714
84902916104
84902920281
84902922638
84902924489
84902944131
84902947303
84902947955
84902966220
84902978812
84902980686
84902988846
84902994400
84903000300
84903010775
84903018017
84903020164
84903032629
84903037688
84903041879
84903048856
84903054313
84903054449
84903072518
84903072592
84903079611
84903091616
84903095910
84903103484
84903107101
84903113338
84903120804
84903121414
84903123392
84903127006
84903129766
84903133933
84903159236
84903159909
84903163522
84903175107
84903195791
84903217682
84903222633
84903228474
84903235366
84903239807
84903257398
84903268755
84903283323
84903295874
84903296603
84903309323
84903316727
84903320366
84903328588
84903357253
84903361388
84903377537
84903399917
84903403481
84903418597
84903448546
84903451569
84903460425
84903462115
84903467831
84903474535
84903511612
84903519761
84903525666
84903532065
84903533645
84903542399
84903552852
84903589425
84903602659
84903603568
84903606798
84903608300
84903609452
84903615166
84903617740
84903618583
84903625916
84903635250
84903646739
84903651991
84903655184
84903656423
84903667873
84903688473
84903692758
84903694933
84903698134
84903703183
84903703754
84903723034
84903723932
84903724798
84903726159
84903742792
84903747142
84903761953
84903774957
84903777764
84903805972
84903810102
84903816610
84903823805
84903838052
84903846359
84903848292
84903849039
84903854281
84903878131
84903888309
84903889805
84903909178
84903917443
84903921415
84903923498
84903923612
84903938935
84903942530
84903945379
84903949103
84903950606
84903981759
84903984924
84903992685
84903993143
84904002262
84904018950
84904040461
84904046922
84904073403
84904096152
84904126727
84904128963
84904131956
84904170481
84904190390
84904190778
84904216779
84904224969
84904247279
84904251833
84904253702
84904259363
84904265379
84904269887
84904288082
84904292436
84904306136
84904310994
84904314298
84904349133
84904365938
84904371973
84904378293
84904380266
84904382117
84904398805
84904443251
84904450494
84904458353
84904464545
84904467909
84904497951
84904517111
84904542060
84904543607
84904570484
84904571486
84904612034
84904623960
84904624432
84904640417
84904640900
84904669119
84904673828
84904686325
84904686559
84904734500
84904749532
84904750680
84904754037
84904758034
84904775791
84904780412
84904798193
84904800783
84904808355
84904817166
84904838825
84904846007
84904856345
84904866771
84904885027
84904907491
84904940000
84904945299
84904947438
84904954733
84904964211
84904989538
84905011102
84905023391
84905034739
84905034780
84905036340
84905053310
84905058024
84905091437
84905098419
84905099229
84905123741
84905137796
84905169528
84905184173
84905186543
84905194280
84905206182
84905206925
84905208814
84905225696
84905290644
84905291545
84905299479
84905317684
84905319715
84905338845
84905350144
84905385391
84905391513
84905421245
84905450572
84905506654
84905524189
84905540174
84905677807
84905679669
84905706508
84905727759
84905734865
84905738778
84905814797
84905850242
84905863782
84905901199
84905919424
84905924952
84905978649
84905979515
84905979718
84905987228
84905988831
84905999055
84906002109
84906037670
84906050481
84906052769
84906088539
84906090740
84906121435
84906157599
84906169415
84906197273
84906209732
84906226665
84906258333
84906281373
84906307974
84906331598
84906340270
84906357539
84906370816
84906372610
84906374255
84906381536
84906391785
84906395518
84906401319
84906404668
84906428746
84906430785
84906439425
84906451398
84906465954
84906468387
84906481726
84906483379
84906487882
84906504015
84906519678
84906526736
84906534039
84906578653
84906581058
84906602867
84906606291
84906618347
84906624821
84906659580
84906668718
84906682439
84906689406
84906713382
84906720248
84906740926
84906762581
84906765992
84906798649
84906838022
84906844404
84906846763
84906850991
84906852919
84906858900
84906867012
84906877718
84906879147
84906906663
84906906860
84906908467
84906921467
84906921919
84906948459
84906968183
84906982969
84907005475
84907024383
84907057874
84907064338
84907066540
84907099683
84907118679
84907129766
84907131393
84907134131
84907135067
84907147101
84907161075
84907167891
84907212195
84907213231
84907213361
84907218272
84907222090
84907244005
84907245529
84907262224
84907264197
84907264387
84907269635
84907284693
84907284810
84907287277
84907289589
84907304761
84907307907
84907311162
84907341519
84907349210
84907352861
84907372918
84907383566
84907398252
84907403447
84907450002
84907459660
84907464762
84907475457
84907501557
84907506953
84907515524
84907530120
84907562056
84907575243
84907575759
84907583058
84907600244
84907600489
84907609698
84907617069
84907645397
84907646859
84907660697
84907672475
84907690477
84907709123
84907710031
84907713701
84907721822
84907723599
84907730860
84907743059
84907743334
84907745117
84907788289
84907795612
84907804818
84907806920
84907818983
84907822102
84907827751
84907840761
84907840777
84907842915
84907845904
84907888188
84907889722
84907900900
84907921607
84907923159
84907924417
84907924496
84907930532
84907945754
84907966257
84907977540
84907988208
84907997473
84908002510
84908002541
84908006319
84908007698
84908012270
84908016584
84908022257
84908022952
84908023392
84908033247
84908034227
84908036177
84908055126
84908088689
84908102254
84908122666
84908124557
84908133250
84908133889
84908137264
84908145576
84908145925
84908146133
84908149649
84908155107
84908159498
84908161537
84908163070
84908168923
84908170867
84908176172
84908181959
84908189893
84908195424
84908210138
84908213169
84908218676
84908232314
84908232647
84908241043
84908241156
84908241772
84908246356
84908272607
84908275692
84908287964
84908289543
84908295513
84908296820
84908296888
84908299168
84908315692
84908359953
84908365866
84908386409
84908388729
84908393652
84908407466
84908425949
84908438573
84908471590
84908486727
84908487118
84908487934
84908522587
84908537376
84908537744
84908541418
84908551515
84908565658
84908571630
84908574927
84908588348
84908599304
84908605314
84908605335
84908612288
84908627593
84908643231
84908647202
84908655619
84908666749
84908693428
84908698305
84908705794
84908709484
84908722028
84908724715
84908725026
84908730473
84908749168
84908757186
84908759298
84908770053
84908783760
84908788083
84908798319
84908800301
84908807277
84908813603
84908833733
84908835878
84908839202
84908839451
84908840491
84908841549
84908843941
84908846609
84908848817
84908850809
84908867521
84908868471
84908877373
84908877536
84908888282
84908898833
84908905807
84908917601
84908920618
84908922318
84908924760
84908939300
84908939400
84908946157
84908960799
84908975104
84908976130
84908977173
84908991828
84909000554
84909020811
84909040648
84909048784
84909051170
84909059507
84909065103
84909067648
84909068963
84909073665
84909085758
84909090955
84909093589
84909102043
84909103844
84909108024
84909117655
84909119679
84909126853
84909131838
84909139935
84909147924
84909148200
84909148384
84909151554
84909151852
84909163944
84909164728
84909165717
84909170119
84909173947
84909185389
84909188206
84909189306
84909190759
84909191441
84909191922
84909194123
84909199508
84909201647
84909210422
84909216208
84909221789
84909222384
84909222704
84909238147
84909240449
84909243386
84909244451
84909263537
84909271273
84909274649
84909283455
84909289457
84909298467
84909300363
84909302109
84909305082
84909313189
84909318918
84909320072
84909339315
84909344999
84909345755
84909346215
84909346782
84909347775
84909356357
84909357699
84909358279
84909359209
84909369758
84909386388
84909389610
84909395754
84909404551
84909424087
84909431088
84909440763
84909446513
84909457116
84909463197
84909473699
84909486488
84909488342
84909488579
84909488858
84909490346
84909491515
84909495563
84909498589
84909514543
84909520351
84909521932
84909525051
84909528573
84909536222
84909551771
84909557036
84909584568
84909586393
84909598693
84909599101
84909599841
84909604256
84909608132
84909611272
84909617287
84909621477
84909624441
84909631707
84909645630
84909650344
84909654056
84909661447
84909662640
84909664568
84909674449
84909677370
84909683073
84909688288
84909715533
84909717332
84909726688
84909727955
84909731162
84909742072
84909743121
84909749572
84909764768
84909777115
84909778458
84909781965
84909789559
84909800573
84909813196
84909814492
84909824612
84909826191
84909827953
84909828522
84909828543
84909834512
84909843786
84909845781
84909848950
84909851637
84909853172
84909860718
84909863132
84909880924
84909884935
84909885037
84909885845
84909894844
84909899631
84909903288
84909911927
84909912888
84909936260
84909942695
84909946490
84909947278
84909971890
84909973045
84909973388
84909999923
84912028348
84912032817
84912071973
84912131151
84912218238
84912299265
84912307441
84912365119
84912366602
84912474809
84912486606
84912579097
84912596929
84912616811
84912711254
84912714303
84912747732
84912922515
84912954176
84912970671
84913042663
84913088746
84913096685
84913097096
84913103946
84913112342
84913127527
84913166118
84913180014
84913290222
84913325265
84913376377
84913394656
84913427779
84913449932
84913461547
84913463588
84913565686
84913644868
84913693536
84913707278
84913737831
84913742725
84913742818
84913754135
84913812277
84913814307
84913821907
84913822911
84913823197
84913898535
84913951933
84913967488
84914110079
84914112153
84914116644
84914121857
84914131875
84914230993
84914266242
84914285120
84914287271
84914294880
84914297168
84914329818
84914339309
84914427168
84914524919
84914701940
84914716316
84914726164
84914736203
84914768659
84914819604
84914879194
84914888255
84914892210
84914910101
84915025586
84915032630
84915085361
84915087240
84915109226
84915126359
84915131968
84915164365
84915199426
84915247776
84915302064
84915329598
84915340136
84915376561
84915440204
84915475679
84915520542
84915592425
84915667964
84915676953
84915705414
84915771553
84915781223
84915787627
84915797896
84915801280
84915888546
84915933224
84915946769
84915952624
84916011725
84916211709
84916249523
84916276107
84916308111
84916464343
84916480751
84916483700
84916509525
84916551054
84916592833
84916666188
84916698000
84916773379
84916861440
84916910307
84916926098
84917133415
84917135363
84917160161
84917172752
84917223683
84917244318
84917302789
84917383822
84917421352
84917486118
84917493167
84917534991
84917637167
84917673654
84917760709
84917780588
84917787768
84917793037
84917794585
84917816375
84917840890
84917946860
84918099797
84918128752
84918136056
84918149851
84918182179
84918182536
84918200698
84918200909
84918201964
84918228686
84918231544
84918243710
84918254560
84918282830
84918295688
84918343353
84918367725
84918406562
84918443455
84918452843
84918482747
84918513740
84918549538
84918573557
84918584062
84918643592
84918654747
84918671000
84918708009
84918725431
84918775725
84918777424
84918818948
84918829391
84918855325
84918866779
84918892425
84918894626
84918970790
84919032334
84919052397
84919073444
84919073484
84919082162
84919088498
84919100121
84919235631
84919300146
84919327731
84919340630
84919345292
84919421567
84919451099
84919459790
84919517903
84919544439
84919548697
84919609889
84919638324
84919716278
84919739959
84919749666
84919757456
84919817750
84919832067
84919904003
84919942854
84919954295
84919970415
84919990301
84922126466
84922457574
84922554016
84923252754
84923876710
84923964706
84924729734
84925238446
84925285664
84925325912
84925466149
84926886865
84927460172
84927540470
84927847294
84927945482
84928187102
84928971841
84929373898
84932002424
84932028691
84932044204
84932061617
84932067123
84932090393
84932093092
84932103479
84932107560
84932109139
84932113892
84932115755
84932140376
84932153841
84932154979
84932159068
84932160622
84932173051
84932178841
84932182326
84932200968
84932208279
84932208371
84932283339
84932330589
84932333060
84932344872
84932377058
84932400143
84932458692
84932469255
84932472004
84932483797
84932519899
84932529553
84932605456
84932633144
84932634261
84932635380
84932637639
84932642304
84932649315
84932671318
84932700820
84932701843
84932702018
84932719659
84932722607
84932725481
84932738528
84932770056
84932776064
84932781585
84932791460
84932792863
84932801097
84932813848
84932820057
84932859443
84932887368
84932888237
84932897945
84932899121
84932903822
84932912299
84932937511
84932950658
84932969733
84932994452
84933015559
84933020847
84933029593
84933035565
84933042783
84933046322
84933056981
84933060963
84933070567
84933079885
84933084478
84933124956
84933140933
84933157244
84933160686
84933164731
84933179662
84933210217
84933220363
84933241667
84933243595
84933252053
84933281372
84933283843
84933290106
84933300048
84933327055
84933334849
84933339238
84933368466
84933397797
84933399495
84933434151
84933444477
84933486743
84933488875
84933499237
84933511256
84933532233
84933535856
84933553371
84933564389
84933567576
84933573673
84933593064
84933594478
84933599979
84933604363
84933614873
84933620176
84933625497
84933626616
84933629256
84933634027
84933635534
84933642458
84933655282
84933658423
84933677531
84933679227
84933695337
84933730322
84933748361
84933748445
84933749111
84933767531
84933781686
84933784585
84933788558
84933793389
84933829297
84933834753
84933838268
84933889175
84933897596
84933898035
84933899963
84933921107
84933924676
84933942742
84933946034
84933948828
84933976129
84933982489
84934004884
84934008669
84934009226
84934051903
84934057576
84934081430
84934100408
84934137341
84934144234
84934152753
84934158188
84934193349
84934212698
84934214980
84934223510
84934224258
84934248945
84934249665
84934268848
84934342102
84934363379
84934396251
84934411197
84934428064
84934453334
84934454522
84934455043
84934456234
84934550954
84934591936
84934600533
84934615658
84934622274
84934644838
84934689309
84934705287
84934705784
84934732039
84934751515
84934769242
84934772323
84934775792
84934785229
84934794885
84934825860
84934837690
84934876309
84934880381
84934903683
84934912456
84934917437
84934936669
84934937584
84934938600
84934938720
84934955974
84934960117
84934987800
84934988290
84934999606
84935027888
84935069096
84935090399
84935122135
84935138215
84935156209
84935157456
84935171321
84935177436
84935184126
84935199178
84935209253
84935243085
84935273527
84935287719
84935288449
84935317342
84935323856
84935346338
84935404850
84935433092
84935434343
84935467819
84935480979
84935487530
84935513469
84935525085
84935540179
84935557475
84935574368
84935586020
84935587700
84935589139
84935627808
84935654978
84935655195
84935681168
84935689544
84935708813
84935712161
84935713080
84935717876
84935732504
84935734260
84935735455
84935744447
84935836209
84935841770
84935882119
84935888386
84935889959
84935895359
84935895609
84935899536
84935911508
84935925433
84935927429
84935977168
84935989789
84936010606
84936020116
84936045024
84936066595
84936079441
84936085498
84936087363
84936097217
84936121034
84936135029
84936137528
84936169332
84936169856
84936239638
84936242668
84936247166
84936303644
84936312033
84936313761
84936328060
84936331592
84936343041
84936388488
84936398362
84936402750
84936420461
84936420799
84936425156
84936427670
84936461399
84936489673
84936498083
84936504319
84936524418
84936531191
84936552970
84936563851
84936566307
84936580715
84936595682
84936631262
84936636707
84936667086
84936705339
84936706077
84936732876
84936757836
84936758871
84936762012
84936841833
84936897225
84936903625
84936927221
84936933120
84937011477
84937021490
84937024857
84937043098
84937058261
84937076778
84937080497
84937096240
84937119913
84937139022
84937145051
84937155263
84937162915
84937179879
84937191008
84937227811
84937228756
84937246448
84937262159
84937265355
84937270980
84937292392
84937294214
84937303681
84937316447
84937318116
84937344603
84937345471
84937349578
84937357038
84937359167
84937371533
84937371949
84937387499
84937409093
84937424236
84937431471
84937448998
84937450829
84937462604
84937476484
84937486837
84937488707
84937490299
84937495532
84937523644
84937527723
84937571215
84937594771
84937645376
84937650295
84937658063
84937665897
84937670365
84937699765
84937702220
84937730137
84937736757
84937750192
84937758607
84937764269
84937770219
84937786729
84937789669
84937807618
84937828253
84937834121
84937841138
84937844163
84937862188
84937870661
84937893499
84937918675
84937922211
84937928879
84937930414
84937940207
84937941366
84937964495
84937995874
84938019462
84938028568
84938061796
84938061918
84938064816
84938082672
84938084472
84938123482
84938153809
84938157699
84938181443
84938184636
84938188454
84938219941
84938229872
84938248605
84938252539
84938260278
84938262206
84938273469
84938291129
84938314373
84938339415
84938340179
84938343617
84938373275
84938377961
84938385657
84938413412
84938417649
84938432079
84938438199
84938440104
84938449407
84938452045
84938475279
84938478512
84938481376
84938497922
84938498418
84938533695
84938548858
84938562214
84938570769
84938575939
84938587735
84938627799
84938630388
84938666972
84938670879
84938677354
84938678457
84938699037
84938715909
84938716259
84938779638
84938799071
84938817154
84938820684
84938830417
84938850539
84938854678
84938867360
84938909088
84938912124
84938919226
84938921078
84938935424
84938954330
84938961213
84939009594
84939017001
84939022299
84939030059
84939030278
84939053794
84939071372
84939090334
84939097578
84939142517
84939145584
84939149980
84939152654
84939164673
84939180432
84939229798
84939241975
84939244479
84939251919
84939268428
84939281717
84939282744
84939294957
84939309278
84939316853
84939328268
84939332408
84939345077
84939349558
84939353932
84939384828
84939395170
84939423535
84939428937
84939439667
84939446874
84939463714
84939481808
84939482288
84939488339
84939496852
84939534156
84939537518
84939546644
84939552786
84939572270
84939611763
84939611789
84939613820
84939615566
84939621242
84939633189
84939668027
84939676065
84939691080
84939693507
84939709793
84939717068
84939720464
84939723222
84939723239
84939724012
84939732310
84939739082
84939741981
84939747770
84939747860
84939756599
84939783737
84939787070
84939798797
84939811833
84939812738
84939830546
84939838528
84939839044
84939862815
84939872777
84939873451
84939876220
84939889420
84939913815
84939916225
84939924414
84939936589
84939992808
84942027584
84942196509
84942214000
84942253680
84942258623
84942382148
84942422816
84942432669
84942449956
84942487047
84942488784
84942509979
84942547444
84942555867
84942577889
84942866855
84942931963
84942952600
84943001219
84943007907
84943008756
84943072378
84943077383
84943088273
84943116689
84943125072
84943259455
84943290972
84943406756
84943414546
84943866178
84944146102
84944298469
84944396478
84944444874
84944507133
84944525868
84944553848
84944565260
84944617788
84944653333
84944710479
84944769769
84944818666
84944992888
84945040593
84945168968
84945274768
84945354233
84945405201
84945422590
84945456541
84945534975
84945545505
84945583636
84945644907
84945675595
84945684256
84945727823
84945744992
84945893447
84945901878
84945919044
84945941029
84945981186
84946086186
84946102433
84946107373
84946196256
84946212084
84946217999
84946230433
84946334455
84946392039
84946395933
84946410539
84946455730
84946471677
84946480361
84946869052
84946934555
84946946438
84947031939
84947090028
84947131796
84947227449
84947261797
84947374782
84947388111
84947573851
84947625559
84947829350
84947900878
84947920984
84947944277
84948052605
84948060355
84948063335
84948072585
84948158232
84948165784
84948169523
84948184194
84948191233
84948249108
84948316026
84948476367
84948569998
84948598831
84948767969
84948788718
84948911139
84948921066
84948935956
84949083156
84949106901
84949125164
84949166777
84949290461
84949308807
84949313229
84949358586
84949413258
84949425399
84949564441
84949797658
84949801079
84949852134
84949956651
84949987555
84949988776
84949990779
84962018175
84962022728
84962053138
84962057559
84962090173
84962090753
84962129782
84962182240
84962184264
84962246581
84962250910
84962325835
84962395187
84962429782
84962438176
84962446750
84962567765
84962609453
84962612079
84962617929
84962644689
84962650513
84962659867
84962689462
84962704969
84962727997
84962768823
84962776141
84962792432
84962820502
84962856433
84962897528
84962898760
84962899635
84962930738
84962938240
84963028407
84963048045
84963054651
84963104128
84963204351
84963222973
84963244067
84963257968
84963291126
84963297868
84963301895
84963309064
84963386930
84963404055
84963452370
84963456769
84963475618
84963479803
84963495830
84963514660
84963566718
84963566996
84963609489
84963646075
84963666009
84963667193
84963674321
84963729497
84963826358
84963830657
84963848128
84963914206
84963955096
84963997503
84964041891
84964150840
84964205547
84964209359
84964256049
84964279330
84964336133
84964348208
84964372822
84964373409
84964396819
84964406184
84964420184
84964449759
84964487641
84964538543
84964543071
84964546742
84964605497
84964645117
84964649694
84964659348
84964679985
84964684873
84964754092
84964769742
84964826918
84964848962
84964870212
84964908809
84964939673
84964969803
84964994345
84964997190
84965031733
84965048203
84965089458
84965095707
84965142672
84965145608
84965152151
84965190153
84965200172
84965220996
84965231621
84965235247
84965242039
84965285491
84965291606
84965365273
84965426384
84965484253
84965538127
84965559234
84965568812
84965578447
84965596448
84965604088
84965611312
84965661956
84965685379
84965798780
84965808035
84965823606
84965854902
84965856942
84965892308
84965946444
84965994229
84966013720
84966023964
84966043444
84966093547
84966097493
84966140267
84966170159
84966171604
84966206564
84966224720
84966225218
84966262128
84966263807
84966298590
84966323675
84966347643
84966369203
84966379451
84966403164
84966421154
84966464324
84966477846
84966515672
84966521904
84966542164
84966549582
84966599953
84966613811
84966647763
84966692116
84966693539
84966705284
84966708911
84966736195
84966794785
84966807727
84966818027
84966843895
84966865131
84966889746
84966915674
84966945735
84967065104
84967100451
84967113873
84967117401
84967134474
84967155242
84967202171
84967226942
84967232853
84967250548
84967273324
84967278213
84967304933
84967327655
84967350713
84967415069
84967469182
84967516109
84967621536
84967645507
84967670726
84967691357
84967725051
84967769972
84967870529
84967935785
84967940552
84967944169
84968007071
84968077484
84968254015
84968258161
84968296746
84968307157
84968314454
84968339007
84968363416
84968386280
84968390996
84968404939
84968458135
84968499223
84968513247
84968550684
84968552696
84968558418
84968567377
84968571348
84968646076
84968675395
84968740758
84968745259
84968800638
84968818439
84968819059
84968874756
84968990843
84969129737
84969209643
84969298715
84969301890
84969320420
84969337271
84969374111
84969396160
84969415805
84969442697
84969457592
84969462708
84969466097
84969516673
84969528348
84969604137
84969715617
84969743878
84969864248
84969867087
84969869085
84969960876
84972039971
84972045336
84972048361
84972068374
84972084344
84972093927
84972105727
84972184147
84972190304
84972197019
84972199340
84972210184
84972233516
84972242495
84972257223
84972273756
84972278401
84972288012
84972312452
84972329791
84972339048
84972359519
84972376734
84972396078
84972404694
84972421410
84972433433
84972438375
84972469748
84972475497
84972476225
84972478511
84972495328
84972545414
84972562685
84972576430
84972577668
84972598392
84972634556
84972649657
84972670911
84972690726
84972694032
84972695605
84972735119
84972744959
84972749593
84972810791
84972827190
84972830990
84972845761
84972882627
84972885068
84972891475
84972952228
84972995811
84973020772
84973085086
84973087315
84973150179
84973152587
84973168218
84973169386
84973189043
84973200205
84973207215
84973245925
84973248440
84973252548
84973261887
84973324323
84973328812
84973335617
84973344873
84973355969
84973372211
84973394687
84973417845
84973432551
84973460769
84973494874
84973502845
84973503654
84973533082
84973555921
84973558937
84973572625
84973574581
84973693063
84973694393
84973694606
84973710319
84973724033
84973743204
84973797835
84973806933
84973834961
84973842938
84973859913
84973867572
84973869973
84973895172
84973909447
84973909760
84973923128
84973926593
84973941497
84973944997
84973949974
84974017587
84974049215
84974076203
84974082325
84974096361
84974114280
84974123818
84974171620
84974172808
84974184199
84974241720
84974243599
84974255214
84974257684
84974261096
84974276736
84974277487
84974278732
84974295860
84974310529
84974339132
84974349916
84974362319
84974383825
84974406945
84974431578
84974459544
84974464855
84974466333
84974466895
84974472424
84974486746
84974512223
84974515596
84974522374
84974559515
84974579146
84974587825
84974591366
84974651134
84974658156
84974658815
84974667415
84974680521
84974724981
84974753353
84974763938
84974765998
84974768559
84974790965
84974802290
84974813083
84974813767
84974821239
84974828053
84974836260
84974843179
84974877498
84974881461
84974908993
84974916352
84974944624
84974972755
84974992923
84975004578
84975042542
84975044085
84975074982
84975078731
84975088104
84975088572
84975113412
84975129689
84975152432
84975159271
84975176222
84975179802
84975225778
84975264500
84975268158
84975274756
84975314871
84975348784
84975354125
84975357764
84975359033
84975370860
84975372963
84975397483
84975399990
84975416656
84975446913
84975459469
84975462654
84975472078
84975474146
84975475268
84975487271
84975498793
84975507640
84975524754
84975535599
84975576894
84975657346
84975657349
84975673236
84975716699
84975726530
84975741369
84975748195
84975760121
84975804625
84975806248
84975809189
84975849403
84975862141
84975864428
84975868069
84975869567
84975892391
84975901095
84975912209
84975938466
84975942334
84975958270
84975976354
84975980479
84975996976
84976006619
84976020722
84976043309
84976060469
84976063870
84976065143
84976074244
84976087901
84976091650
84976093142
84976096552
84976109603
84976110232
84976163166
84976206398
84976208195
84976213479
84976228351
84976231184
84976242619
84976245220
84976264032
84976275934
84976299805
84976312304
84976336769
84976348426
84976372203
84976381282
84976383513
84976394969
84976396245
84976461204
84976461367
84976462302
84976465095
84976471051
84976473514
84976480185
84976492553
84976535592
84976539060
84976557820
84976561425
84976578970
84976579960
84976613818
84976615770
84976623847
84976626350
84976640960
84976648357
84976682431
84976699501
84976721160
84976761348
84976768785
84976771652
84976794872
84976833525
84976836433
84976852158
84976859058
84976883415
84976894339
84976903578
84976933286
84976935028
84976955877
84976962191
84976963956
84976967286
84977033637
84977084824
84977111295
84977126064
84977135773
84977143039
84977143790
84977155142
84977189966
84977209910
84977210379
84977214146
84977218816
84977230066
84977235400
84977241720
84977259583
84977260099
84977318458
84977320125
84977347093
84977348684
84977355145
84977367507
84977371939
84977372012
84977381331
84977390290
84977423265
84977433818
84977446046
84977452223
84977454187
84977460848
84977465466
84977490763
84977493178
84977510243
84977551189
84977566226
84977578085
84977626447
84977628480
84977641423
84977674428
84977691554
84977719138
84977744383
84977752838
84977766531
84977790657
84977803825
84977839203
84977856043
84977878848
84977885110
84977955303
84977987518
84978003389
84978005839
84978033972
84978044287
84978044602
84978046754
84978057673
84978061139
84978073782
84978113726
84978113879
84978129724
84978182292
84978205697
84978206480
84978216766
84978247056
84978257670
84978260602
84978282046
84978292764
84978328811
84978342965
84978349817
84978363692
84978417873
84978420511
84978452024
84978474645
84978476119
84978476469
84978551478
84978559176
84978577384
84978604198
84978626547
84978626677
84978641118
84978652474
84978725291
84978747241
84978779609
84978791979
84978800212
84978800548
84978820418
84978834742
84978835809
84978867053
84978903872
84978922199
84978937862
84978969506
84978975025
84978994162
84979002959
84979105732
84979125307
84979134872
84979148128
84979152808
84979170820
84979181727
84979185292
84979197315
84979219631
84979235593
84979241229
84979242498
84979251879
84979258966
84979270269
84979285227
84979317986
84979325140
84979343420
84979373811
84979382379
84979414734
84979439319
84979442181
84979443622
84979447717
84979451593
84979452899
84979461634
84979461658
84979490827
84979493456
84979496268
84979499714
84979501045
84979538254
84979552075
84979569399
84979577902
84979585234
84979641022
84979659464
84979670034
84979688545
84979706414
84979789120
84979808726
84979831646
84979842637
84979847787
84979877822
84979892703
84979911239
84979932301
84979934723
84979938610
84979955648
84982024767
84982035639
84982039722
84982065131
84982073842
84982087829
84982093395
84982141668
84982157936
84982190656
84982240541
84982249475
84982339417
84982363969
84982383033
84982383434
84982423627
84982428400
84982429845
84982432277
84982437422
84982439265
84982452383
84982465117
84982469415
84982533477
84982566671
84982611160
84982623333
84982627724
84982650054
84982683629
84982689217
84982695072
84982718235
84982739607
84982756098
84982776709
84982781954
84982819613
84982823217
84982831198
84982833256
84982926510
84982935391
84982939798
84982967888
84982988715
84982989386
84983001442
84983013071
84983057323
84983083927
84983091025
84983100436
84983107784
84983131461
84983218026
84983279447
84983288455
84983309854
84983313869
84983315787
84983327872
84983331781
84983334487
84983353129
84983378038
84983387089
84983430502
84983435327
84983435890
84983464319
84983470920
84983474069
84983483856
84983499406
84983529873
84983534563
84983557226
84983561978
84983602081
84983602456
84983655672
84983663874
84983676311
84983691691
84983703954
84983717117
84983724794
84983736545
84983762350
84983784192
84983815901
84983818009
84983819821
84983846332
84983853967
84983855746
84983869728
84983896990
84983931268
84983932994
84983945778
84983993586
84983994927
84984004308
84984012616
84984027297
84984029312
84984040752
84984082757
84984085771
84984091968
84984092697
84984177580
84984188067
84984188859
84984199867
84984228357
84984275005
84984282567
84984298956
84984304317
84984323039
84984338665
84984359637
84984419668
84984441163
84984448325
84984526282
84984537289
84984559820
84984573750
84984578936
84984608525
84984619272
84984664715
84984689338
84984695774
84984697728
84984718760
84984726706
84984787802
84984796649
84984838236
84984838846
84984860955
84984895127
84984918652
84984926714
84984957086
84985021709
84985029444
84985038320
84985044348
84985046771
84985085369
84985095595
84985101531
84985110758
84985119112
84985122414
84985133737
84985139569
84985155704
84985169278
84985177899
84985202479
84985211416
84985216833
84985221137
84985231504
84985241315
84985252359
84985255047
84985278650
84985283643
84985305409
84985317479
84985334177
84985351187
84985352571
84985402280
84985442574
84985474542
84985492292
84985507017
84985525880
84985529392
84985535763
84985547449
84985550718
84985609330
84985630982
84985669012
84985711730
84985713041
84985719539
84985732854
84985742657
84985762591
84985773347
84985826397
84985827774
84985865880
84985905358
84985909009
84985922822
84985925337
84985926414
84985948696
84985952824
84985997505
84986051139
84986051876
84986052035
84986059388
84986071171
84986074062
84986074336
84986078106
84986084474
84986116670
84986136168
84986161777
84986195940
84986218110
84986292517
84986296367
84986296511
84986301027
84986371655
84986395710
84986396073
84986409630
84986430764
84986433385
84986434260
84986437688
84986448027
84986467282
84986475712
84986487972
84986538904
84986562404
84986574445
84986587193
84986588874
84986630585
84986649048
84986655970
84986702772
84986714052
84986730355
84986749683
84986754958
84986839284
84986864760
84986868188
84986900630
84986900735
84986946242
84986948599
84986955106
84987004812
84987008509
84987009751
84987029397
84987036276
84987040920
84987053542
84987099084
84987100133
84987140869
84987178070
84987225783
84987227541
84987247987
84987251756
84987274367
84987283372
84987283797
84987297136
84987312971
84987314606
84987345832
84987351937
84987363113
84987389917
84987391063
84987399458
84987451630
84987485168
84987491103
84987515088
84987560367
84987566803
84987582324
84987583052
84987598344
84987633990
84987661607
84987670671
84987711588
84987711972
84987736971
84987778442
84987823141
84987823318
84987837659
84987855211
84987885713
84987892519
84987916130
84987940398
84987957077
84987970370
84987986339
84987987019
84987995840
84988045482
84988054672
84988064856
84988071791
84988077491
84988078292
84988094075
84988133510
84988139042
84988165142
84988181329
84988184316
84988189469
84988217790
84988225761
84988233872
84988245300
84988255833
84988269087
84988272365
84988299077
84988305158
84988314888
84988346178
84988346675
84988382274
84988416454
84988420275
84988421453
84988441244
84988471164
84988483581
84988565516
84988569281
84988632898
84988645816
84988656906
84988669338
84988679995
84988691114
84988707460
84988717825
84988720687
84988725735
84988728975
84988740822
84988747723
84988761879
84988783431
84988811125
84988845201
84988860919
84988869478
84988888378
84988888462
84988892994
84988904399
84988920546
84988948527
84988953569
84988958737
84988963795
84988968831
84988970949
84988997915
84989063854
84989076973
84989084599
84989084919
84989090712
84989096877
84989115372
84989118492
84989143109
84989148281
84989176144
84989206459
84989209080
84989236012
84989246016
84989296370
84989374208
84989389308
84989422095
84989422462
84989499962
84989511930
84989522644
84989525534
84989538276
84989590144
84989613807
84989647641
84989658368
84989663609
84989681757
84989687222
84989688717
84989720129
84989721960
84989730797
84989752176
84989753270
84989755543
84989800750
84989856032
84989879862
84989899600
84989933365
84989943313
84993409903
84993754450
84994049018
84994529931
84996515968
84997023521
84997060531
84997415930
840903501139
841202078517
841202082171
841202120535
841202122593
841202158508
841202159635
841202442912
841202490176
841202526726
841202537306
841202560334
841202562132
841202571140
841202602000
841202633579
841202636546
841202734315
841202749019
841202898123
841202997220
841203137973
841203203775
841203228327
841203295239
841203322519
841203347922
841203418152
841203512199
841203545424
841203558840
841203599858
841203618971
841203683957
841203696873
841203729097
841203779737
841203823644
841203846122
841203929978
841204053058
841204130498
841204155289
841204447244
841204457568
841204461768
841204570545
841204571667
841204708921
841204786279
841204804969
841204867978
841204911792
841204953386
841205297053
841205599319
841205860610
841205959338
841205984819
841206027436
841206178115
841206329883
841206553489
841206586645
841206614343
841206663418
841206713379
841206729281
841206759619
841206840684
841207014146
841207113658
841207130466
841207327794
841207411688
841207458611
841207484785
841207550517
841207674897
841207675075
841207710566
841207770632
841207832711
841207878425
841207881584
841207943739
841207966623
841207970407
841208095496
841208361219
841208365507
841208424707
841208487835
841208636277
841208857661
841208993549
841212003181
841212107118
841212123509
841212160703
841212220191
841212242452
841212252588
841212361486
841212408708
841212411514
841212427030
841212447776
841212455297
841212553678
841212554747
841212581278
841212673673
841212703516
841212735677
841212748729
841212844797
841212873099
841212874667
841212935942
841213220713
841213288778
841213354538
841213396854
841213400830
841213457778
841213520201
841213604136
841213608363
841213644333
841213651852
841213710795
841213718472
841213751469
841213848017
841213877798
841213887606
841213923614
841213988696
841214027499
841214111337
841214204446
841214211445
841214252072
841214292575
841214391417
841214411134
841214428459
841214451998
841214470036
841214502244
841214507630
841214555669
841214639432
841214647336
841214683898
841214834432
841214922333
841214964629
841214993247
841215002545
841215049880
841215300699
841215318793
841215409400
841215443540
841215470587
841215491539
841215520467
841215587181
841215601781
841215610179
841215715223
841215723351
841215764772
841215773850
841215826254
841215832825
841215908933
841215921887
841215947372
841216095541
841216266519
841216343422
841216391435
841216404227
841216436036
841216453769
841216521067
841216579239
841216597567
841216827292
841217120762
841217203559
841217444220
841217484974
841217490623
841217562023
841217671481
841217694021
841217745501
841217757118
841217761791
841217832154
841217853095
841217856384
841217937392
841217971991
841218133441
841218201382
841218215444
841218383272
841218408576
841218618977
841218676126
841218707784
841218768976
841218787457
841218977785
841219121006
841219128080
841219183265
841219502395
841219508204
841219544656
841219680530
841219689101
841219761014
841219762584
841219792639
841219825458
841219975489
841222033637
841222047077
841222062519
841222116410
841222127596
841222237573
841222249633
841222255356
841222265004
841222301185
841222325149
841222373761
841222376841
841222445896
841222456722
841222539270
841222544917
841222646147
841222735178
841222752668
841222804727
841222818250
841222821484
841222852813
841222853726
841222883055
841222901599
841222964120
841222968903
841222974147
841223042583
841223049474
841223062148
841223097929
841223142378
841223220922
841223274673
841223357132
841223400938
841223414762
841223418752
841223424086
841223513133
841223516756
841223545524
841223574895
841223599363
841223605660
841223654640
841223660980
841223664942
841223693403
841223788688
841223828997
841223842309
841223852609
841223917993
841223922688
841223944047
841223975160
841223989539
841224040993
841224119011
841224159665
841224169985
841224273936
841224292936
841224307590
841224360158
841224365559
841224406339
841224416508
841224520412
841224543019
841224543638
841224579710
841224613982
841224723339
841224815853
841224830847
841225020692
841225183212
841225231417
841225263545
841225306965
841225414941
841225446843
841225452617
841225476121
841225489262
841225495178
841225501233
841225502789
841225567677
841225584524
841225610056
841225659440
841225667815
841225764264
841225794606
841225892837
841225906020
841225994479
841226117579
841226168574
841226186570
841226186668
841226309587
841226334355
841226363076
841226452818
841226579007
841226696111
841226707203
841226753718
841226805646
841226897086
841226925175
841226929179
841226944369
841226958881
841226969982
841226994998
841227027309
841227144498
841227170209
841227237714
841227251164
841227331673
841227358679
841227409261
841227418085
841227481899
841227523776
841227550675
841227570270
841227657425
841227682932
841227744854
841227790534
841227797348
841227907675
841227929848
841227985716
841227994994
841228043263
841228073187
841228090178
841228095887
841228101038
841228121167
841228142529
841228163632
841228202966
841228381682
841228434917
841228518897
841228528226
841228553156
841228655004
841228659116
841228670272
841228698090
841228728812
841228796216
841228797954
841228801353
841228865309
841228916699
841228996068
841229077966
841229082866
841229090230
841229092074
841229123169
841229198058
841229265087
841229331994
841229432683
841229588871
841229618992
841229642465
841229664279
841229672897
841229676233
841229687779
841229782513
841229910540
841229926872
841229958886
841229979066
841229983611
841229999778
841232090408
841232144350
841232289000
841232412202
841232515449
841232922496
841233363565
841233479696
841233894940
841233938405
841234089879
841234183908
841234209666
841234367758
841234453135
841234564389
841234725879
841234784361
841234902197
841234913378
841235243225
841235413618
841235589762
841235821944
841236245429
841236681988
841236805837
841236895310
841237006721
841237477979
841237600592
841237786485
841237850119
841238013274
841239251508
841239323032
841239668856
841239706441
841239841151
841239922989
841242548295
841242621140
841242693519
841242735582
841242861899
841243064977
841243336286
841243339118
841243625706
841244064599
841244406236
841244426577
841244864596
841244891833
841244899751
841245071777
841245282453
841245701412
841246516381
841246785463
841247231531
841247273652
841247516862
841247601215
841247653494
841247763839
841247854993
841248231724
841248343504
841249440156
841249535429
841249592917
841252229279
841252333963
841252543912
841253444599
841253977879
841254339528
841254539066
841254720908
841254946847
841255017905
841255167856
841255288358
841255329171
841255590717
841255929722
841256227063
841256376955
841256575399
841256745695
841256840581
841257268555
841257552773
841257688966
841257964823
841258505458
841258674877
841259500051
841262225016
841262340009
841262520469
841262569860
841262667426
841262677253
841262686023
841262691636
841262766026
841262851379
841262921366
841262930939
841262939519
841262967771
841262970770
841262982052
841263387794
841263468410
841263540733
841263636884
841263682261
841263695995
841263801442
841263895080
841263896524
841263960236
841264034963
841264182673
841264307329
841264327319
841264358975
841264401047
841264411319
841264436564
841264490387
841264520061
841264522201
841264524576
841264604741
841264612178
841264632097
841264650207
841264673269
841264696337
841264697949
841264729337
841264766390
841264824669
841264860806
841264868598
841265029500
841265054524
841265078224
841265144469
841265181113
841265231119
841265249622
841265263245
841265314118
841265441188
841265699518
841265711731
841265732880
841265793517
841265812471
841265813846
841266195150
841266208320
841266353405
841266570540
841266736759
841266746747
841266898628
841266990130
841267044159
841267131627
841267192276
841267369549
841267388316
841267444041
841267650793
841267659122
841267715502
841267745794
841267772076
841267829885
841267877772
841267897569
841267902525
841267920387
841267935284
841268031599
841268069109
841268133888
841268179369
841268193609
841268355028
841268422654
841268474920
841268545759
841268614828
841268788585
841268862839
841268894315
841269029635
841269091780
841269145590
841269163249
841269268324
841269295797
841269326308
841269339118
841269666515
841269897439
841269914341
841272121576
841272137981
841272170001
841272219212
841273655978
841273920562
841274295010
841274445963
841274530964
841274544742
841274787778
841274798333
841275156359
841275222155
841275324889
841275339404
841275502537
841275721667
841276075224
841276281452
841276377165
841276754981
841276961315
841277595499
841277649977
841277821318
841277877599
841278038352
841278119279
841278390659
841278431106
841278461870
841278681780
841278833797
841279812619
841279930000
841282086049
841282135845
841282195337
841282354892
841282402149
841282560195
841282600002
841282640009
841282653919
841282835823
841282872329
841282910481
841282931712
841282966053
841282970331
841283315334
841283489451
841283524166
841283528434
841283553375
841283720495
841283843280
841283850438
841284158561
841284200551
841284295123
841284346899
841284445282
841284551204
841284609790
841284631579
841284634625
841284637547
841284641494
841284819045
841284859289
841284882469
841285092516
841285151578
841285170855
841285192947
841285227053
841285263242
841285373210
841285481522
841285508817
841285552558
841285619671
841285641532
841285651293
841285655118
841285727887
841285729515
841285740818
841285765180
841285775381
841285806002
841285851378
841285914868
841285930299
841286068787
841286109882
841286125741
841286148040
841286162746
841286166678
841286232659
841286240977
841286288208
841286303654
841286367559
841286523697
841286604717
841286711628
841286758615
841286900121
841286937633
841286951243
841287015137
841287020665
841287022679
841287069051
841287186422
841287187075
841287288626
841287432200
841287500506
841287554738
841287556195
841287599436
841287699015
841287734651
841287909483
841287926252
841287990402
841288046338
841288264314
841288271668
841288404273
841288575709
841288723892
841288724003
841288830272
841288840371
841288947623
841288969601
841289246604
841289305776
841289307300
841289504277
841289548611
841289574142
841289595699
841289749523
841289973320
841292307547
841292378689
841292427035
841292548052
841292752516
841292911119
841292915994
841293222238
841293933293
841294141879
841294376337
841294476668
841295156143
841295208913
841295457909
841295775139
841296132387
841296334262
841296853351
841296944353
841296952153
841296999115
841297737497
841297873117
841298432204
841298522574
841298687788
841298999868
841299091408
841299098512
841299720679
841626011586
841626032005
841626033708
841626072305
841626098212
841626101018
841626116727
841626164301
841626172881
841626177633
841626252474
841626287985
841626373556
841626427414
841626459891
841626462269
841626518324
841626556746
841626605070
841626634551
841626635593
841626654612
841626665709
841626669326
841626676725
841626733483
841626796550
841626796979
841626827897
841626835831
841626837359
841626844595
841626850684
841626856093
841626857637
841626858864
841626876281
841626883372
841626939197
841626948274
841626963269
841627091453
841627096190
841627098132
841627111145
841627147174
841627148032
841627193184
841627197327
841627218752
841627268243
841627292172
841627293668
841627301881
841627315935
841627370574
841627391307
841627419432
841627439190
841627497657
841627502315
841627515801
841627534812
841627547849
841627610901
841627623362
841627637630
841627640160
841627673766
841627704790
841627716492
841627719404
841627743764
841627791798
841627839488
841627972787
841627978202
841627990986
841627999711
841628012841
841628044554
841628110625
841628127652
841628152442
841628282604
841628322043
841628337253
841628341781
841628345506
841628346284
841628473274
841628488618
841628523007
841628560134
841628562561
841628604227
841628613558
841628627649
841628648215
841628648326
841628661797
841628752808
841628761798
841628762529
841628773329
841628825891
841628869050
841628886829
841628929644
841628954885
841629009564
841629048796
841629053334
841629053716
841629062964
841629118925
841629157484
841629192857
841629216307
841629216711
841629239669
841629244308
841629263948
841629296898
841629336282
841629350821
841629351376
841629375708
841629401482
841629418130
841629493460
841629496338
841629535547
841629557609
841629566450
841629598966
841629608185
841629611798
841629690926
841629754844
841629773595
841629778698
841629803270
841629830715
841629857689
841629890130
841629923263
841629944853
841629960419
841629971549
841629973985
841629979012
841632003827
841632038131
841632052441
841632058390
841632141787
841632161666
841632172565
841632185640
841632220994
841632255848
841632267239
841632366682
841632393142
841632434606
841632442215
841632497059
841632505181
841632508394
841632508928
841632519578
841632586514
841632620122
841632624285
841632630304
841632788747
841632796115
841632816042
841632826344
841632891120
841632922079
841632965133
841633020325
841633034847
841633042353
841633059341
841633073039
841633074918
841633094862
841633109083
841633133258
841633172368
841633198466
841633237548
841633324054
841633337559
841633402076
841633403958
841633427556
841633437503
841633459028
841633508675
841633542341
841633555214
841633557147
841633573977
841633594342
841633615059
841633642242
841633672300
841633716027
841633761774
841633787079
841633790248
841633799971
841633825833
841633850127
841633850946
841633867198
841633917728
841633925570
841633965232
841633982000
841633982073
841634026358
841634043878
841634055343
841634055760
841634059436
841634071990
841634072763
841634116585
841634121241
841634134083
841634159927
841634180970
841634234201
841634259566
841634265649
841634293691
841634376321
841634376772
841634426475
841634442386
841634495679
841634518868
841634541568
841634543484
841634611003
841634658900
841634716993
841634717860
841634762634
841634817998
841634821223
841634829602
841634872858
841634980680
841635010424
841635032618
841635073700
841635112416
841635132212
841635160988
841635235879
841635247245
841635265863
841635315283
841635343784
841635368649
841635393249
841635395256
841635404336
841635426801
841635432664
841635433139
841635443228
841635463663
841635516715
841635566257
841635620385
841635635384
841635637640
841635676381
841635702499
841635722009
841635752018
841635764911
841635809049
841635851380
841635891422
841635897992
841635939102
841635940358
841635952453
841635964383
841635969409
841636031253
841636036598
841636083470
841636102931
841636115817
841636121277
841636140453
841636177410
841636177490
841636186109
841636219653
841636230053
841636238723
841636260800
841636271439
841636293787
841636308458
841636329047
841636369048
841636436538
841636438577
841636459322
841636523855
841636582076
841636606500
841636720213
841636723346
841636845857
841636880294
841636934009
841636984898
841638038167
841638057982
841638065331
841638121433
841638145519
841638190225
841638334667
841638368215
841638399703
841638400828
841638485470
841638545925
841638557184
841638601636
841638669372
841638731322
841638763567
841638783243
841638800049
841638820645
841638820870
841638862335
841638883847
841638883978
841638911730
841638976513
841638988517
841639000355
841639027608
841639168208
841639178295
841639199597
841639228790
841639270021
841639296690
841639393850
841639409254
841639434307
841639459466
841639475783
841639478353
841639488135
841639574156
841639597904
841639604354
841639621267
841639635797
841639661533
841639668169
841639676094
841639677027
841639683216
841639687087
841639687941
841639692775
841639727598
841639756492
841639762675
841639793547
841639870054
841639945159
841639948866
841642046006
841642089087
841642117668
841642146280
841642183277
841642194144
841642210542
841642221924
841642223188
841642282614
841642381693
841642409894
841642413836
841642423935
841642645080
841642668400
841642688473
841642760883
841642777786
841642796733
841642802293
841642846163
841642864224
841642953055
841642954642
841642981261
841642989966
841643015080
841643125226
841643161873
841643242721
841643262152
841643330331
841643332239
841643532962
841643555569
841643590632
841643603339
841643643003
841643672123
841643733119
841643786850
841643804419
841643868203
841643929182
841643939124
841643949718
841644036701
841644076899
841644121991
841644171502
841644221159
841644235956
841644236458
841644322919
841644323628
841644331415
841644368609
841644410989
841644441848
841644473347
841644620707
841644696301
841644732979
841644734616
841644742840
841644757120
841644822448
841644827566
841644828249
841644886091
841644897424
841644943586
841644967621
841644996626
841644997015
841645116045
841645164121
841645184473
841645204983
841645373254
841645491952
841645535877
841645554679
841645572880
841645606163
841645632883
841645653581
841645717166
841645794915
841645928125
841645932825
841645938967
841646011080
841646060614
841646107620
841646121931
841646148955
841646169800
841646195227
841646213051
841646214392
841646217790
841646357501
841646367681
841646381958
841646419602
841646436686
841646463718
841646481009
841646540418
841646653191
841646700510
841646711400
841646817349
841646838890
841646853955
841646857282
841646896713
841646901160
841646927508
841646996742
841647097769
841647112086
841647150372
841647211707
841647246322
841647262596
841647270119
841647280094
841647288906
841647290876
841647371803
841647388177
841647432482
841647452499
841647565843
841647571097
841647582864
841647620729
841647652796
841647738551
841647788168
841647808216
841647829709
841647845306
841647878561
841647935390
841648030148
841648040318
841648119518
841648180746
841648182147
841648183141
841648187763
841648250826
841648257592
841648298557
841648315119
841648331558
841648349314
841648353464
841648395848
841648444964
841648450018
841648450530
841648494719
841648530244
841648544743
841648601677
841648651342
841648675342
841648690747
841648705830
841648710814
841648715495
841648776470
841648788401
841648802750
841648818482
841648841811
841648848259
841648874485
841648929309
841648942808
841648965488
841649003684
841649017263
841649054630
841649064740
841649073561
841649105342
841649127441
841649175050
841649216296
841649252979
841649254473
841649283961
841649333956
841649390015
841649414429
841649432008
841649467445
841649476328
841649489239
841649508066
841649642769
841649671301
841649772184
841649772463
841649819254
841649820913
841649851542
841649881363
841649911706
841649943168
841649984829
841652004775
841652035006
841652056199
841652069068
841652079157
841652088752
841652115559
841652130856
841652142862
841652151081
841652178070
841652246598
841652268331
841652366852
841652450621
841652466214
841652483996
841652488634
841652514120
841652579864
841652593496
841652596157
841652680120
841652704873
841652744679
841652744697
841652767391
841652790901
841652814611
841652815536
841652821861
841652883116
841652941544
841652955593
841652980210
841652980451
841652992493
841652999185
841653048854
841653087522
841653088426
841653161727
841653167620
841653197900
841653205936
841653211239
841653229733
841653254625
841653268775
841653324531
841653344517
841653350335
841653372630
841653379153
841653387327
841653444713
841653481326
841653496475
841653500968
841653575801
841653600487
841653600876
841653611154
841653641028
841653675457
841653684462
841653686685
841653692878
841653712362
841653806533
841653809183
841653844436
841653846286
841653868453
841653886298
841653911629
841653930701
841654015907
841654029127
841654032622
841654038032
841654064443
841654158952
841654160206
841654199697
841654213664
841654234669
841654241544
841654308327
841654328410
841654348451
841654394579
841654410896
841654423061
841654433955
841654461259
841654482183
841654482622
841654488241
841654492915
841654631403
841654637737
841654659241
841654671363
841654676108
841654685367
841654741961
841654762223
841654783405
841654819629
841654822371
841654826387
841654880547
841654900236
841654947236
841654953388
841655125773
841655152581
841655162097
841655180412
841655196791
841655212703
841655220112
841655226941
841655232206
841655277754
841655282087
841655298088
841655354399
841655366250
841655389891
841655432313
841655451462
841655476362
841655544163
841655571892
841655577179
841655611831
841655617289
841655619229
841655623423
841655651251
841655702650
841655732447
841655736758
841655773425
841655774505
841655778605
841655782034
841655800263
841655810657
841655840204
841655848452
841655875344
841655974955
841655987781
841656013586
841656060813
841656068307
841656081947
841656122491
841656124797
841656125956
841656134358
841656134380
841656162865
841656203837
841656270678
841656284564
841656316272
841656392830
841656393490
841656443775
841656494848
841656517896
841656611473
841656631521
841656674622
841656677226
841656687430
841656691406
841656692222
841656717074
841656727480
841656759593
841656766010
841656766606
841656777632
841656804127
841656851005
841656876377
841656881068
841656909146
841656962119
841657003454
841657031511
841657038143
841657064354
841657098063
841657152576
841657185669
841657191136
841657198381
841657228243
841657261367
841657276509
841657331986
841657340927
841657348574
841657400348
841657425036
841657501765
841657504945
841657597770
841657639281
841657681882
841657691462
841657699062
841657708979
841657745167
841657769763
841657781313
841657794907
841657844372
841657878693
841657879459
841657955147
841657956867
841657963071
841657968940
841657991607
841657994137
841658019476
841658054881
841658103097
841658103332
841658123326
841658175063
841658178597
841658184873
841658227824
841658275965
841658308879
841658382103
841658398049
841658469612
841658470321
841658491246
841658534690
841658535358
841658572127
841658626448
841658701667
841658725809
841658810275
841658840121
841658851299
841658875260
841658893041
841658908116
841658919498
841658958929
841658999040
841659181680
841659210514
841659289679
841659335061
841659347993
841659386177
841659393443
841659430272
841659468579
841659502955
841659505081
841659515365
841659549139
841659580062
841659592127
841659660081
841659678352
841659678380
841659692239
841659700664
841659732257
841659742784
841659756823
841659780730
841659794283
841659833870
841659834659
841659891375
841659908413
841659935820
841659942220
841659959225
841659962304
841659985418
841659989454
841662008978
841662036486
841662055459
841662067483
841662080956
841662090929
841662113392
841662122690
841662175743
841662195080
841662246666
841662316248
841662318628
841662341731
841662379774
841662380982
841662426873
841662487930
841662497991
841662514655
841662516621
841662558977
841662581012
841662607176
841662662037
841662667691
841662687941
841662693677
841662704600
841662750132
841662784797
841662807439
841662835664
841662874115
841662881839
841662899061
841662904809
841662908873
841662927417
841663027618
841663052645
841663095837
841663111313
841663133427
841663200353
841663205107
841663225631
841663273986
841663299596
841663348766
841663361927
841663367937
841663395257
841663431952
841663451126
841663504584
841663567003
841663582246
841663595012
841663600847
841663703452
841663733346
841663738499
841663747950
841663816662
841663826270
841663832921
841663837074
841663858008
841663918410
841663924970
841663998879
841664003223
841664026534
841664096224
841664103529
841664148260
841664172271
841664201114
841664220239
841664229139
841664261668
841664276472
841664281787
841664282890
841664284295
841664321138
841664323943
841664330488
841664331328
841664336980
841664340865
841664356877
841664376683
841664425870
841664487679
841664487887
841664554475
841664586838
841664658811
841664665100
841664675570
841664689054
841664735093
841664739883
841664761394
841664763727
841664788809
841664803394
841664852461
841664961455
841664977226
841665022753
841665069956
841665102690
841665213659
841665333529
841665342984
841665364811
841665405245
841665417428
841665428258
841665452678
841665452945
841665482198
841665543187
841665561446
841665574441
841665594123
841665680607
841665681136
841665719300
841665760207
841665766305
841665799873
841665823184
841665841865
841665861987
841665875446
841665910874
841665947333
841665968450
841665972661
841666005403
841666027080
841666030966
841666073202
841666079119
841666139714
841666152083
841666240456
841666253516
841666262900
841666274870
841666279254
841666280820
841666307356
841666357815
841666358230
841666373065
841666411888
841666427206
841666429196
841666442466
841666467290
841666476272
841666484254
841666560049
841666576084
841666597176
841666601108
841666603634
841666613379
841666623214
841666632966
841666662571
841666709240
841666731152
841666804843
841666833897
841666877433
841666888167
841666907736
841666960496
841667004390
841667037054
841667068007
841667076254
841667090082
841667114561
841667127424
841667156217
841667199318
841667213498
841667241550
841667262494
841667299829
841667308518
841667358253
841667431175
841667446356
841667497510
841667581240
841667581935
841667648898
841667787996
841667792773
841667880598
841667892036
841667899649
841667900406
841667905097
841667917983
841667925359
841667939287
841667946127
841667950631
841667962586
841667966879
841667973410
841667978237
841668002613
841668074446
841668075834
841668139210
841668184548
841668208598
841668245893
841668250683
841668272756
841668297116
841668383740
841668383797
841668407082
841668449150
841668487302
841668519287
841668537249
841668579426
841668694116
841668728498
841668811497
841668820899
841668842218
841668863203
841668888596
841668908892
841668928062
841668932445
841668933414
841668957822
841668971908
841668978305
841669007973
841669042896
841669100001
841669129592
841669147636
841669150325
841669160397
841669172637
841669193340
841669193627
841669218295
841669250358
841669254494
841669270578
841669285706
841669338566
841669361591
841669364838
841669385984
841669408605
841669452837
841669484549
841669522903
841669550955
841669553006
841669564615
841669617808
841669630308
841669686909
841669708045
841669727091
841669736622
841669775459
841669796146
841669807576
841669866038
841669883436
841669938488
841669961875
841672015408
841672027594
841672042512
841672087879
841672111448
841672184044
841672197842
841672210028
841672211565
841672242662
841672259586
841672285231
841672295787
841672303719
841672332570
841672355180
841672374588
841672456789
841672464726
841672471483
841672479167
841672519267
841672521861
841672581380
841672589960
841672664122
841672733202
841672742390
841672750472
841672810195
841672810814
841672811482
841672817446
841672864397
841672936948
841672968581
841672998029
841673004010
841673009990
841673072944
841673118247
841673155135
841673164971
841673212014
841673212018
841673299305
841673341793
841673406806
841673444156
841673455186
841673467218
841673490024
841673500842
841673501058
841673547173
841673553906
841673576658
841673685606
841673780072
841673806489
841673835609
841673840103
841673840790
841673851749
841673882087
841673883283
841673940788
841673942396
841673977283
841674004072
841674018290
841674041374
841674065206
841674069537
841674081856
841674205951
841674258503
841674274758
841674275947
841674321600
841674340129
841674341291
841674380394
841674395133
841674395379
841674407583
841674435676
841674586446
841674628910
841674630807
841674656185
841674673102
841674730125
841674751453
841674777728
841674843257
841674850027
841674914798
841674995478
841675007002
841675078887
841675104820
841675189635
841675230639
841675286813
841675308729
841675374572
841675396310
841675442594
841675533514
841675539915
841675583685
841675671084
841675714298
841675788793
841675858519
841675875138
841675887391
841675959117
841676027177
841676053690
841676109263
841676128556
841676138131
841676142962
841676169036
841676272105
841676275656
841676307607
841676349425
841676352988
841676366105
841676461562
841676461593
841676500065
841676525779
841676530516
841676538856
841676602727
841676636002
841676640957
841676670316
841676729023
841676753809
841676783119
841676802395
841676814169
841676893677
841676912707
841676931466
841676933307
841676943632
841676970104
841676988032
841677000028
841677006287
841677022120
841677041207
841677044164
841677135805
841677137838
841677202995
841677207210
841677223308
841677261912
841677266485
841677296642
841677324962
841677366019
841677373894
841677387284
841677387454
841677393699
841677408655
841677475292
841677507117
841677516932
841677574894
841677605940
841677617347
841677625922
841677625963
841677648078
841677681782
841677682582
841677710226
841677768215
841677911352
841677955904
841678040215
841678119981
841678196836
841678208721
841678283876
841678284537
841678299670
841678316849
841678356418
841678376292
841678379946
841678402676
841678450161
841678455283
841678461170
841678493219
841678494381
841678511781
841678586605
841678597378
841678735980
841678755126
841678842454
841678846581
841678887262
841678961897
841678967104
841678967474
841678971645
841678983014
841679036838
841679062246
841679091976
841679168080
841679212984
841679290517
841679334109
841679387522
841679406715
841679423173
841679424306
841679461378
841679463003
841679486017
841679532957
841679618023
841679688041
841679783739
841679784939
841679818690
841679828304
841679903113
841679947043
841679981151
841679990436
841682065265
841682092404
841682117435
841682174084
841682176810
841682260810
841682270877
841682274072
841682287985
841682289897
841682311406
841682328033
841682344398
841682382469
841682414280
841682450240
841682536312
841682540592
841682557033
841682563732
841682580234
841682581811
841682589961
841682620321
841682627799
841682638783
841682647266
841682658827
841682713215
841682761361
841682804440
841682834311
841682905658
841682921968
841682934745
841682963097
841682987972
841683005544
841683029546
841683033406
841683078293
841683093621
841683113000
841683115416
841683123391
841683125113
841683152914
841683175177
841683180634
841683227090
841683251618
841683274594
841683280357
841683283029
841683289619
841683301085
841683405386
841683416569
841683457535
841683495094
841683520314
841683539397
841683540750
841683549243
841683556945
841683557502
841683583651
841683598168
841683608949
841683629176
841683655306
841683658257
841683739508
841683749527
841683751497
841683783624
841683870536
841683900062
841683903263
841683920673
841683966574
841683975842
841683977872
841684009952
841684023234
841684044824
841684046634
841684072311
841684088872
841684125752
841684188132
841684218164
841684230412
841684237238
841684293178
841684309026
841684362807
841684366295
841684405226
841684407532
841684409351
841684412241
841684422630
841684446328
841684534867
841684539929
841684569163
841684585920
841684590748
841684641211
841684660564
841684680825
841684684007
841684796353
841684799485
841684828447
841684850660
841684892103
841684921414
841684927716
841684932737
841684951260
841684951919
841684956014
841685000050
841685016617
841685108936
841685170758
841685173471
841685212279
841685251530
841685265887
841685274132
841685314763
841685358569
841685361756
841685390459
841685427699
841685439556
841685448340
841685533361
841685577805
841685597924
841685617723
841685630888
841685659459
841685670844
841685695235
841685698901
841685704665
841685724307
841685759112
841685802727
841685836617
841685872726
841685875327
841685899868
841685910450
841685910711
841685971737
841685985963
841686039625
841686040482
841686050592
841686088654
841686101239
841686129544
841686143902
841686149505
841686162568
841686167711
841686178401
841686202550
841686216160
841686252156
841686265102
841686285712
841686348188
841686387343
841686452209
841686485132
841686515849
841686529186
841686614874
841686616781
841686621915
841686623901
841686681058
841686691405
841686738882
841686791522
841686800802
841686856222
841686868576
841687007508
841687016954
841687018562
841687068883
841687101425
841687101877
841687133862
841687211194
841687217164
841687272771
841687387248
841687415507
841687422911
841687432064
841687433076
841687518664
841687531920
841687538097
841687544901
841687616752
841687625531
841687656826
841687666311
841687712155
841687716054
841687738321
841687740388
841687783842
841687813929
841687842487
841687908627
841687991025
841688012989
841688067905
841688072996
841688099923
841688107044
841688170352
841688179313
841688186482
841688232912
841688322736
841688366019
841688383533
841688401169
841688412733
841688416088
841688434528
841688447202
841688457427
841688463187
841688493143
841688499984
841688502720
841688558479
841688564264
841688582207
841688584481
841688620782
841688671538
841688673359
841688691856
841688765949
841688850613
841688881151
841688905658
841688950198
841689054685
841689076297
841689089360
841689128778
841689225830
841689250853
841689295928
841689325058
841689364078
841689365796
841689406966
841689410026
841689416095
841689443347
841689458502
841689610242
841689662083
841689673887
841689844180
841689863144
841689893327
841689920145
841689946430
841689955622
841689968086
841692016245
841692070588
841692132876
841692148577
841692178051
841692180536
841692193648
841692251329
841692279727
841692314290
841692353129
841692407919
841692414702
841692491033
841692508123
841692579615
841692601525
841692602033
841692609587
841692729351
841692730879
841692754012
841692770912
841692783595
841692849135
841692860227
841692967559
841692979996
841693022408
841693080740
841693108389
841693137425
841693151327
841693192532
841693198554
841693217768
841693231384
841693258991
841693298812
841693298826
841693304273
841693326118
841693369726
841693383381
841693405511
841693496551
841693556724
841693562896
841693600201
841693604180
841693615225
841693634446
841693704224
841693709999
841693735992
841693796445
841693810361
841693823530
841693827627
841693848825
841693859138
841693859494
841693899789
841693900091
841693986752
841694045249
841694046198
841694052192
841694056877
841694066379
841694087987
841694123216
841694124495
841694124719
841694136766
841694144755
841694150021
841694163517
841694183249
841694187663
841694189948
841694205180
841694219312
841694227137
841694280570
841694348008
841694352238
841694352444
841694383836
841694399859
841694414077
841694428423
841694444359
841694509730
841694518769
841694539962
841694548673
841694559110
841694576691
841694689510
841694736855
841694757064
841694794948
841694824654
841694833161
841694840151
841694849844
841694948514
841694949039
841694956428
841695035245
841695040433
841695053367
841695098105
841695161237
841695166004
841695181214
841695197391
841695205552
841695241809
841695260931
841695362663
841695368630
841695369081
841695427038
841695493094
841695498126
841695527351
841695534322
841695545467
841695548711
841695557175
841695560467
841695560595
841695646132
841695680740
841695695638
841695716656
841695766228
841695768608
841695789221
841695921079
841695935655
841695938821
841695977934
841696006461
841696012233
841696014049
841696015080
841696021181
841696066516
841696094549
841696120750
841696123516
841696123766
841696183891
841696194341
841696221950
841696251261
841696261718
841696268801
841696428213
841696470342
841696514352
841696553795
841696581892
841696598664
841696626883
841696640774
841696668631
841696735550
841696744644
841696748141
841696748704
841696765728
841696766091
841696821427
841696847117
841696847589
841696862813
841697025945
841697037232
841697048272
841697056438
841697091261
841697096379
841697109277
841697127945
841697190640
841697191449
841697224346
841697254201
841697259533
841697269901
841697363959
841697366018
841697405416
841697418858
841697444658
841697506675
841697535818
841697546977
841697586288
841697646238
841697663611
841697669107
841697688829
841697690248
841697728668
841697736699
841697755024
841697756087
841697811302
841697825694
841697831235
841697837784
841697872623
841697898840
841697921707
841697937288
841697937379
841697944020
841697949979
841697975830
841698058797
841698074804
841698082009
841698104730
841698135106
841698165233
841698197936
841698214837
841698219591
841698240721
841698248574
841698293491
841698319374
841698346875
841698355141
841698380958
841698431085
841698433673
841698437475
841698451542
841698466087
841698490870
841698496939
841698595990
841698624530
841698629305
841698656938
841698720893
841698730516
841698751214
841698795926
841698837262
841698838527
841698859310
841698931946
841698948274
841698983750
841699018596
841699033810
841699098514
841699151740
841699200367
841699207338
841699260617
841699281871
841699290944
841699292586
841699300572
841699320417
841699369210
841699438413
841699448916
841699449738
841699481099
841699586944
841699606683
841699687228
841699858756
841699904196
841699904506
841699906763
841699950814
841699966632
841863045084
841863051135
841863233608
841863242507
841863309259
841863342072
841863433538
841863434311
841863522170
841863666564
841863818448
841863975853
841863985940
841864002331
841864043506
841864735308
841864842440
841864970182
841865007605
841865219182
841865249636
841865267969
841866844662
841866845464
841867241505
841867799795
841867941716
841867966318
841868003647
841868231669
841868734125
841868754765
841869029960
841869457557
841869463352
841869521540
841869525432
841869808247
841869920464
841882179645
841882325965
841882447923
841882515119
841882538590
841882589458
841882864080
841883515242
841883532074
841884051041
841884150524
841884538217
841884566554
841884653107
841884681374
841884792155
841884914894
841884930474
841885127921
841885325124
841885363488
841885391738
841885530708
841885703829
841885729445
841885997022
841886326011
841886360097
841886555870
841886916473
841886951837
841887101760
841887135733
841887236919
841887477449
841887618180
841887663396
841887703809
841887862259
841887915828
841889344653
841889424652
841889498874
841889708101
841889715908
841889823696
8421674673102
84165855358
84168876594
84902066282
84902274466
84902336889
84902916456
84902997006
84903107167
84903276455
84903287776
84903425599
84903468233
84903608765
84903708485
84903834034
84903836176
84903921408
84903930144
84904018888
84904203377
84904382882
84904860606
84905855766
84906019604
84906186858
84907658018
84908166691
84908191718
84908591144
84908695079
84908799409
84909678899
84909700517
84909964952
84912355544
84912858788
84913004292
84913048844
84913208989
84913222444
84913224147
84913230311
84913262900
84913289555
84913443979
84913534079
84913600055
84913725544
84914525810
84915419060
84917562882
84917682789
84917932819
84918189999
84918622426
84918684655
84918918969
84919992014
84919999753
84932069674
84934100142
84934532788
84935830380
84938019236
84938088278
84938741633
84938786268
84942451945
84946656666
84947381096
84948545909
84948934666
84949451376
84949725367
84968825978
84973313124
84973678373
84974094185
84974246237
84974367626
84974459198
84974593605
84974741738
84975397044
84975598899
84975965569
84976288788
84976330103
84976432172
84977740019
84978926768
84979690666
84982050482
84982583898
84982767979
84982886688
84983000088
84983000569
84983054807
84983100666
84983110556
84983208088
84983226156
84983275599
84983299999
84983301999
84983338268
84983418618
84983558398
84983725544
84983978489
84985111543
84985279792
84985688699
84986899999
84987336595
84987655555
84987876688
84988000781
84988381987
84988456868
84988899668
84989378888
84989581456
84989963358